movieId,name,year,genre
1,Zack and Miri Make a Porno,2008,Romance
2,Youth in Revolt,2010,Comedy
3,You Will Meet a Tall Dark Stranger,2010,Comedy
4,When in Rome,2010,Comedy
5,What Happens in Vegas,2008,Comedy
6,Water For Elephants,2011,Drama
7,WALL-E,2008,Animation
8,Waitress,2007,Romance
9,Waiting For Forever,2011,Romance
10,Valentine's Day,2010,Comedy
11,Tyler Perry's Why Did I get Married,2007,Romance
12,Twilight: Breaking Dawn,2011,Romance
13,Twilight,2008,Romance
14,The Ugly Truth,2009,Comedy
15,The Twilight Saga: New Moon,2009,Drama
16,The Time Traveler's Wife,2009,Drama
17,The Proposal,2009,Comedy
18,The Invention of Lying,2009,Comedy
19,The Heartbreak Kid,2007,Comedy
20,The Duchess,2008,Drama
21,The Curious Case of Benjamin Button,2008,Fantasy
22,The Back-up Plan,2010,Comedy
23,Tangled,2010,Animation
24,Something Borrowed,2011,Romance
25,She's Out of My League,2010,Comedy
26,Sex and the City Two,2010,Comedy
27,Sex and the City 2,2010,Comedy
28,Sex and the City,2008,Comedy
29,Remember Me,2010,Drama
30,Rachel Getting Married,2008,Drama
31,Penelope,2008,Comedy
32,P.S. I Love You,2007,Romance
33,Over Her Dead Body,2008,Comedy
34,Our Family Wedding,2010,Comedy
35,One Day,2011,Romance
36,Not Easily Broken,2009,Drama
37,No Reservations,2007,Comedy
38,Nick and Norah's Infinite Playlist,2008,Comedy
39,New Year's Eve,2011,Romance
40,My Week with Marilyn,2011,Drama
41,Music and Lyrics,2007,Romance
42,Monte Carlo,2011,Romance
43,Miss Pettigrew Lives for a Day,2008,Comedy
44,Midnight in Paris,2011,Romance
45,Marley and Me,2008,Comedy
46,Mamma Mia!,2008,Comedy
47,Made of Honor,2008,Comedy
48,Love Happens,2009,Drama
49,Love & Other Drugs,2010,Comedy
50,Life as We Know It,2010,Comedy
51,License to Wed,2007,Comedy
52,Letters to Juliet,2010,Comedy
53,Leap Year,2010,Comedy
54,Knocked Up,2007,Comedy
55,Killers,2010,Action
56,Just Wright,2010,Comedy
57,Jane Eyre,2011,Romance
58,It's Complicated,2009,Comedy
59,I Love You Phillip Morris,2010,Comedy
60,High School Musical 3: Senior Year,2008,Comedy
61,He's Just Not That Into You,2009,Comedy
62,Good Luck Chuck,2007,Comedy
63,Going the Distance,2010,Comedy
64,Gnomeo and Juliet,2011,Animation
65,Ghosts of Girlfriends Past,2009,Comedy
66,Four Christmases,2008,Comedy
67,Fireproof,2008,Drama
68,Enchanted,2007,Comedy
69,Dear John,2010,Drama
70,Beginners,2011,Comedy
71,Across the Universe,2007,Romance
72,A Serious Man,2009,Drama
73,A Dangerous Method,2011,Drama
74,27 Dresses,2008,Comedy
75,(500) Days of Summer,2009,Comedy
76,Shang-Chi,2021,Action
77,Venom: Let There be Carnage,2021,Action
78,Black Widow,2021,Action
79,F9: The Fast Saga,2021,Action
80,No Time to Die,2021,Action
81,Eternals,2021,Action
82,Free Guy,2021,Action
83,Dune,2021,Action
84,Godzilla vs. Kong,2021,Action
85,The Suicide Squad,2021,Action
86,Mortal Kombat,2021,Action
87,Snake Eyes: G.I. Joe Origins,2021,Action
88,Wrath of Man,2021,Action
89,Wonder Woman 1984,2021,Action
90,The Marksman,2021,Action
91,Chaos Walking,2021,Action
92,Monster Hunter,2021,Action
93,The Protege,2021,Action
94,CopShop,2021,Action
95,Nou fo,2021,Action
96,Tenet,2021,Action
97,Kokaku kidotai,2021,Action
98,World War Z,2021,Action
99,Mogadisyu,2021,Action
100,Doctor,2021,Action
101,Top Gun,2021,Action
102,SAS: Red Notice,2021,Action
103,Shadow in the Cloud,2021,Action
104,The Paper Tigers,2021,Action
105,Jurassic World,2021,Action
106,Trigger Point,2021,Action
107,Prisoners of the Ghostland,2021,Action
108,A Soldier's Story 2: Return,2021,Action
109,Archenemy,2021,Action
110,Equal Standard,2021,Action
111,Average Joe,2021,Action
112,Mayday,2021,Action
113,No Place,2021,Action
114,Tian Huo Wei Qing,2021,Action
115,Den blomstertid nu kommer,2021,Action
116,Jungle Cruise,2021,Adventure
117,Encanto,2021,Adventure
118,The Boss Baby: Family Business,2021,Adventure
119,The Addams Family 2,2021,Adventure
120,Raya and the Last Dragon,2021,Adventure
121,Kimetsu no Yaiba,2021,Adventure
122,Tom and Jerry,2021,Adventure
123,Clifford the Big Red Dog,2021,Adventure
124,Peter Rabbit 2: The Runaway,2021,Adventure
125,PAW Patrol: The Movie,2021,Adventure
126,The Croods: A New Age,2021,Adventure
127,Ron's Gone Wrong,2021,Adventure
128,Spirit Untamed,2021,Adventure
129,The Green Knight,2021,Adventure
130,Boku no Hero Academia,2021,Adventure
131,Pinocchio,2021,Adventure
132,Scoob!,2021,Adventure
133,The Emperor's New Groove,2021,Adventure
134,Aya to majo,2021,Adventure
135,Abominable,2021,Adventure
136,Cryptozoo,2021,Adventure
137,Mystery of the Kingdom of God,2021,Adventure
138,The Laws Of The Universe,2021,Adventure
139,A Quiet Place: Part II,2021,Horror
140,Halloween Kills,2021,Horror
141,The Conjuring: The Devil Made Me Do It,2021,Horror
142,Candyman,2021,Horror
143,The Forever Purge,2021,Horror
144,Don't Breathe 2,2021,Horror
145,Escape Room,2021,Horror
146,Spiral,2021,Horror
147,The Unholy,2021,Horror
148,Malignant,2021,Horror
149,Resident Evil,2021,Horror
150,Antlers,2021,Horror
151,The Night House,2021,Horror
152,Separation,2021,Horror
153,Titane,2021,Horror
154,Wrong Turn,2021,Horror
155,In the Earth,2021,Horror
156,Come Play,2021,Horror
157,Werewolves Within,2021,Horror
158,Willy's Wonderland,2021,Horror
159,Freaky,2021,Horror
160,Murder in the Woods,2021,Horror
161,The Resort,2021,Horror
162,The Reckoning,2021,Horror
163,Held,2021,Horror
164,Gaia,2021,Horror
165,The Djinn,2021,Horror
166,Psycho Goreman,2021,Horror
167,Censor,2021,Horror
168,Demonic,2021,Horror
169,Come True,2021,Horror
170,Alien,2021,Horror
171,Son,2021,Horror
172,The Vigil,2021,Horror
173,Death Rider in the House of Vampires,2021,Horror
174,Bloody Hell,2021,Horror
175,Jakob's Wife,2021,Horror
176,Halloween,2021,Horror
177,We Need to Do Something,2021,Horror
178,Hunter Hunter,2021,Horror
179,The Scary of Sixty First,2021,Horror
180,The Feast,2021,Horror
181,The Boonies,2021,Horror
182,Gosuto masuta,2021,Horror
183,Victim of Love,2021,Horror
184,The Dark and The Wicked,2021,Horror
185,Crack House of the Dead,2021,Horror
186,Andra Sidan,2021,Horror
187,Funhouse,2021,Horror
188,Ghostbusters: Afterlife,2021,Comedy
189,Cruella,2021,Comedy
190,Space Jam: A New Legacy,2021,Comedy
191,The Hitman's Wife's Bodyguard,2021,Comedy
192,The French Dispatch,2021,Comedy
193,Dazed and Confused,2021,Comedy
194,The House Next Door: Meet the Blacks 2,2021,Comedy
195,Here Today,2021,Comedy
196,The War with Grandpa,2021,Comedy
197,Queen Bees,2021,Comedy
198,Together Together,2021,Comedy
199,Honsla Rakh,2021,Comedy
200,Scott Pilgrim vs. The World,2021,Comedy
201,Un rescate de huevitos,2021,Comedy
202,French Exit,2021,Comedy
203,Jathi Ratnalu,2021,Comedy
204,Ghostbusters,2021,Comedy
205,Bo Gia,2021,Comedy
206,Blithe Spirit,2021,Comedy
207,India Sweets and Spices,2021,Comedy
208,I'm Your Man,2021,Comedy
209,Delicieux,2021,Comedy
210,Once I Was Engaged,2021,Comedy
211,Together,2021,Comedy
212,Half Brothers,2021,Comedy
213,Shiva Baby,2021,Comedy
214,Walking with Herb,2021,Comedy
215,Tango Shalom,2021,Comedy
216,Riders of Justice,2021,Comedy
217,Christmas Vs The Walters,2021,Comedy
218,The Nowhere Inn,2021,Comedy
219,Last Call,2021,Comedy
220,Senior Moment,2021,Comedy
221,Mainstream,2021,Comedy
222,La daronne,2021,Comedy
223,Our Ladies,2021,Comedy
224,The Ladykillers,2021,Comedy
225,Mandibules,2021,Comedy
226,Effacer l'historique,2021,Comedy
227,How It Ends,2021,Comedy
228,Sniegu juz nigdy nie bedzie,2021,Comedy
229,First Date,2021,Comedy
230,Best Sellers,2021,Comedy
231,Zombie Bro,2021,Comedy
232,Blanche comme neige,2021,Comedy
233,El Planeta,2021,Comedy
234,Here After,2021,Comedy
235,Rock Paper Scissors,2021,Comedy
236,Deux,2021,Comedy
237,Project Space 13,2021,Comedy
238,Elbow Grease,2021,Comedy
239,Killer Raccoons 2,2021,Comedy
240,The Bra,2021,Comedy
241,Old,2021,Thriller
242,Nobody,2021,Thriller
243,The Little Things,2021,Thriller
244,Last Night in Soho,2021,Thriller
245,Those Who Wish Me Dead,2021,Thriller
246,Ironbark,2021,Thriller
247,Reminiscence,2021,Thriller
248,Fatale,2021,Thriller
249,Voyagers,2021,Thriller
250,The Card Counter,2021,Thriller
251,Profile,2021,Thriller
252,Dreamland,2021,Thriller
253,The Dry,2021,Thriller
254,Dutch,2021,Thriller
255,Nuevo Orden,2021,Thriller
256,Six Minutes to Midnight,2021,Thriller
257,Safer at Home,2021,Thriller
258,Spy no Tsuma,2021,Thriller
259,Lansky,2021,Thriller
260,Always & Forever,2021,Thriller
261,My Zoe,2021,Thriller
262,The God Committee,2021,Thriller
263,Yakuza Princess,2021,Thriller
264,The Beta Test,2021,Thriller
265,The Night,2021,Thriller
266,John and the Hole,2021,Thriller
267,The Violent Heart,2021,Thriller
268,Final Frequency,2021,Thriller
269,Angelique's Isle,2021,Thriller
270,Dark State,2021,Thriller
271,Tomato Red,2021,Thriller
272,Blood Brothers,2021,Thriller
273,Below the Fold,2021,Thriller
274,The Shade Shepherd,2021,Thriller
275,Let Him Go,2021,Thriller
276,Roadrunner,2021,Documentary
277,Summer of Soul,2021,Documentary
278,Show Me the Father,2021,Documentary
279,The Jesus Music,2021,Documentary
280,The Alpinist,2021,Documentary
281,The Rescue,2021,Documentary
282,The Sparks Brothers,2021,Documentary
283,The Truffle Hunters,2021,Documentary
284,The Lost Leonardo,2021,Documentary
285,Final Account,2021,Documentary
286,Julia,2021,Documentary
287,Rita Moreno,2021,Documentary
288,Becoming Cousteau,2021,Documentary
289,Ailey,2021,Documentary
290,Gunda,2021,Documentary
291,The Loneliest Whale,2021,Documentary
292,On Broadway,2021,Documentary
293,In Balanchine's Classroom,2021,Documentary
294,CatVideoFest,2021,Documentary
295,The First Wave,2021,Documentary
296,Truman & Tennessee,2021,Documentary
297,Kurt Vonnegut: Unstuck in Time,2021,Documentary
298,MLK/FBI,2021,Documentary
299,Some Kind of Heaven,2021,Documentary
300,"All Light, Everywhere",2021,Documentary
301,The Human Factor,2021,Documentary
302,Das geheime Leben der Baume,2021,Documentary
303,Ascension (???),2021,Documentary
304,No Ordinary Man,2021,Documentary
305,Bring Your Own Brigade,2021,Documentary
306,Stray,2021,Documentary
307,Storm Lake,2021,Documentary
308,Lydia Lunch,2021,Documentary
309,The Meaning of Hitler,2021,Documentary
310,State Funeral,2021,Documentary
311,Sabaya,2021,Documentary
312,Petite fille,2021,Documentary
313,Can You Bring It,2021,Documentary
314,All the Streets are Silent,2021,Documentary
315,Enemies of the State,2021,Documentary
316,Writing With Fire,2021,Documentary
317,Bill Traylor: Chasing Ghosts,2021,Documentary
318,The Village Detective,2021,Documentary
319,A Glitch in the Matrix,2021,Documentary
320,"Amigo Skate, Cuba",2021,Documentary
